   200   200   -50
   200   200   -45
   200   200   -40
   200   200   -35
   200   200   -30
   200   200   -25
   200   200   -20
   200   200   -15
   200   200   -10
   200   200    -5
   200   200     0
   200   200     5
   200   200    10
   200   200    15
   200   200    20
   200   200    25
   200   200    30
   200   200    35
   200   200    40
   200   200    45
   200   200    50
   205   200   -50
   205   200   -45
   205   200   -40
   205   200   -35
   205   200   -30
   205   200   -25
   205   200   -20
   205   200   -15
   205   200   -10
   205   200    -5
   205   200     0
   205   200     5
   205   200    10
   205   200    15
   205   200    20
   205   200    25
   205   200    30
   205   200    35
   205   200    40
   205   200    45
   205   200    50
   210   200   -50
   210   200   -45
   210   200   -40
   210   200   -35
   210   200   -30
   210   200   -25
   210   200   -20
   210   200   -15
   210   200   -10
   210   200    -5
   210   200     0
   210   200     5
   210   200    10
   210   200    15
   210   200    20
   210   200    25
   210   200    30
   210   200    35
   210   200    40
   210   200    45
   210   200    50
   215   200   -50
   215   200   -45
   215   200   -40
   215   200   -35
   215   200   -30
   215   200   -25
   215   200   -20
   215   200   -15
   215   200   -10
   215   200    -5
   215   200     0
   215   200     5
   215   200    10
   215   200    15
   215   200    20
   215   200    25
   215   200    30
   215   200    35
   215   200    40
   215   200    45
   215   200    50
   220   200   -50
   220   200   -45
   220   200   -40
   220   200   -35
   220   200   -30
   220   200   -25
   220   200   -20
   220   200   -15
   220   200   -10
   220   200    -5
   220   200     0
   220   200     5
   220   200    10
   220   200    15
   220   200    20
   220   200    25
   220   200    30
   220   200    35
   220   200    40
   220   200    45
   220   200    50
   225   200   -50
   225   200   -45
   225   200   -40
   225   200   -35
   225   200   -30
   225   200   -25
   225   200   -20
   225   200   -15
   225   200   -10
   225   200    -5
   225   200     0
   225   200     5
   225   200    10
   225   200    15
   225   200    20
   225   200    25
   225   200    30
   225   200    35
   225   200    40
   225   200    45
   225   200    50
   230   200   -50
   230   200   -45
   230   200   -40
   230   200   -35
   230   200   -30
   230   200   -25
   230   200   -20
   230   200   -15
   230   200   -10
   230   200    -5
   230   200     0
   230   200     5
   230   200    10
   230   200    15
   230   200    20
   230   200    25
   230   200    30
   230   200    35
   230   200    40
   230   200    45
   230   200    50
   235   200   -50
   235   200   -45
   235   200   -40
   235   200   -35
   235   200   -30
   235   200   -25
   235   200   -20
   235   200   -15
   235   200   -10
   235   200    -5
   235   200     0
   235   200     5
   235   200    10
   235   200    15
   235   200    20
   235   200    25
   235   200    30
   235   200    35
   235   200    40
   235   200    45
   235   200    50
   240   200   -50
   240   200   -45
   240   200   -40
   240   200   -35
   240   200   -30
   240   200   -25
   240   200   -20
   240   200   -15
   240   200   -10
   240   200    -5
   240   200     0
   240   200     5
   240   200    10
   240   200    15
   240   200    20
   240   200    25
   240   200    30
   240   200    35
   240   200    40
   240   200    45
   240   200    50
   245   200   -50
   245   200   -45
   245   200   -40
   245   200   -35
   245   200   -30
   245   200   -25
   245   200   -20
   245   200   -15
   245   200   -10
   245   200    -5
   245   200     0
   245   200     5
   245   200    10
   245   200    15
   245   200    20
   245   200    25
   245   200    30
   245   200    35
   245   200    40
   245   200    45
   245   200    50
   250   200   -50
   250   200   -45
   250   200   -40
   250   200   -35
   250   200   -30
   250   200   -25
   250   200   -20
   250   200   -15
   250   200   -10
   250   200    -5
   250   200     0
   250   200     5
   250   200    10
   250   200    15
   250   200    20
   250   200    25
   250   200    30
   250   200    35
   250   200    40
   250   200    45
   250   200    50
   255   200   -50
   255   200   -45
   255   200   -40
   255   200   -35
   255   200   -30
   255   200   -25
   255   200   -20
   255   200   -15
   255   200   -10
   255   200    -5
   255   200     0
   255   200     5
   255   200    10
   255   200    15
   255   200    20
   255   200    25
   255   200    30
   255   200    35
   255   200    40
   255   200    45
   255   200    50
   260   200   -50
   260   200   -45
   260   200   -40
   260   200   -35
   260   200   -30
   260   200   -25
   260   200   -20
   260   200   -15
   260   200   -10
   260   200    -5
   260   200     0
   260   200     5
   260   200    10
   260   200    15
   260   200    20
   260   200    25
   260   200    30
   260   200    35
   260   200    40
   260   200    45
   260   200    50
   265   200   -50
   265   200   -45
   265   200   -40
   265   200   -35
   265   200   -30
   265   200   -25
   265   200   -20
   265   200   -15
   265   200   -10
   265   200    -5
   265   200     0
   265   200     5
   265   200    10
   265   200    15
   265   200    20
   265   200    25
   265   200    30
   265   200    35
   265   200    40
   265   200    45
   265   200    50
   270   200   -50
   270   200   -45
   270   200   -40
   270   200   -35
   270   200   -30
   270   200   -25
   270   200   -20
   270   200   -15
   270   200   -10
   270   200    -5
   270   200     0
   270   200     5
   270   200    10
   270   200    15
   270   200    20
   270   200    25
   270   200    30
   270   200    35
   270   200    40
   270   200    45
   270   200    50
   275   200   -50
   275   200   -45
   275   200   -40
   275   200   -35
   275   200   -30
   275   200   -25
   275   200   -20
   275   200   -15
   275   200   -10
   275   200    -5
   275   200     0
   275   200     5
   275   200    10
   275   200    15
   275   200    20
   275   200    25
   275   200    30
   275   200    35
   275   200    40
   275   200    45
   275   200    50
   280   200   -50
   280   200   -45
   280   200   -40
   280   200   -35
   280   200   -30
   280   200   -25
   280   200   -20
   280   200   -15
   280   200   -10
   280   200    -5
   280   200     0
   280   200     5
   280   200    10
   280   200    15
   280   200    20
   280   200    25
   280   200    30
   280   200    35
   280   200    40
   280   200    45
   280   200    50
   285   200   -50
   285   200   -45
   285   200   -40
   285   200   -35
   285   200   -30
   285   200   -25
   285   200   -20
   285   200   -15
   285   200   -10
   285   200    -5
   285   200     0
   285   200     5
   285   200    10
   285   200    15
   285   200    20
   285   200    25
   285   200    30
   285   200    35
   285   200    40
   285   200    45
   285   200    50
   290   200   -50
   290   200   -45
   290   200   -40
   290   200   -35
   290   200   -30
   290   200   -25
   290   200   -20
   290   200   -15
   290   200   -10
   290   200    -5
   290   200     0
   290   200     5
   290   200    10
   290   200    15
   290   200    20
   290   200    25
   290   200    30
   290   200    35
   290   200    40
   290   200    45
   290   200    50
   295   200   -50
   295   200   -45
   295   200   -40
   295   200   -35
   295   200   -30
   295   200   -25
   295   200   -20
   295   200   -15
   295   200   -10
   295   200    -5
   295   200     0
   295   200     5
   295   200    10
   295   200    15
   295   200    20
   295   200    25
   295   200    30
   295   200    35
   295   200    40
   295   200    45
   295   200    50
   300   200   -50
   300   200   -45
   300   200   -40
   300   200   -35
   300   200   -30
   300   200   -25
   300   200   -20
   300   200   -15
   300   200   -10
   300   200    -5
   300   200     0
   300   200     5
   300   200    10
   300   200    15
   300   200    20
   300   200    25
   300   200    30
   300   200    35
   300   200    40
   300   200    45
   300   200    50
   150   150   -50
   150   150    50
   200   200   -50
   200   200   -45
   200   200   -40
   200   200   -35
   200   200   -30
   200   200   -25
   200   200   -20
   200   200   -15
   200   200   -10
   200   200    -5
   200   200     0
   200   200     5
   200   200    10
   200   200    15
   200   200    20
   200   200    25
   200   200    30
   200   200    35
   200   200    40
   200   200    45
   200   200    50
   200   205   -50
   200   205   -45
   200   205   -40
   200   205   -35
   200   205   -30
   200   205   -25
   200   205   -20
   200   205   -15
   200   205   -10
   200   205    -5
   200   205     0
   200   205     5
   200   205    10
   200   205    15
   200   205    20
   200   205    25
   200   205    30
   200   205    35
   200   205    40
   200   205    45
   200   205    50
   200   210   -50
   200   210   -45
   200   210   -40
   200   210   -35
   200   210   -30
   200   210   -25
   200   210   -20
   200   210   -15
   200   210   -10
   200   210    -5
   200   210     0
   200   210     5
   200   210    10
   200   210    15
   200   210    20
   200   210    25
   200   210    30
   200   210    35
   200   210    40
   200   210    45
   200   210    50
   200   215   -50
   200   215   -45
   200   215   -40
   200   215   -35
   200   215   -30
   200   215   -25
   200   215   -20
   200   215   -15
   200   215   -10
   200   215    -5
   200   215     0
   200   215     5
   200   215    10
   200   215    15
   200   215    20
   200   215    25
   200   215    30
   200   215    35
   200   215    40
   200   215    45
   200   215    50
   200   220   -50
   200   220   -45
   200   220   -40
   200   220   -35
   200   220   -30
   200   220   -25
   200   220   -20
   200   220   -15
   200   220   -10
   200   220    -5
   200   220     0
   200   220     5
   200   220    10
   200   220    15
   200   220    20
   200   220    25
   200   220    30
   200   220    35
   200   220    40
   200   220    45
   200   220    50
   200   225   -50
   200   225   -45
   200   225   -40
   200   225   -35
   200   225   -30
   200   225   -25
   200   225   -20
   200   225   -15
   200   225   -10
   200   225    -5
   200   225     0
   200   225     5
   200   225    10
   200   225    15
   200   225    20
   200   225    25
   200   225    30
   200   225    35
   200   225    40
   200   225    45
   200   225    50
   200   230   -50
   200   230   -45
   200   230   -40
   200   230   -35
   200   230   -30
   200   230   -25
   200   230   -20
   200   230   -15
   200   230   -10
   200   230    -5
   200   230     0
   200   230     5
   200   230    10
   200   230    15
   200   230    20
   200   230    25
   200   230    30
   200   230    35
   200   230    40
   200   230    45
   200   230    50
   200   235   -50
   200   235   -45
   200   235   -40
   200   235   -35
   200   235   -30
   200   235   -25
   200   235   -20
   200   235   -15
   200   235   -10
   200   235    -5
   200   235     0
   200   235     5
   200   235    10
   200   235    15
   200   235    20
   200   235    25
   200   235    30
   200   235    35
   200   235    40
   200   235    45
   200   235    50
   200   240   -50
   200   240   -45
   200   240   -40
   200   240   -35
   200   240   -30
   200   240   -25
   200   240   -20
   200   240   -15
   200   240   -10
   200   240    -5
   200   240     0
   200   240     5
   200   240    10
   200   240    15
   200   240    20
   200   240    25
   200   240    30
   200   240    35
   200   240    40
   200   240    45
   200   240    50
   200   245   -50
   200   245   -45
   200   245   -40
   200   245   -35
   200   245   -30
   200   245   -25
   200   245   -20
   200   245   -15
   200   245   -10
   200   245    -5
   200   245     0
   200   245     5
   200   245    10
   200   245    15
   200   245    20
   200   245    25
   200   245    30
   200   245    35
   200   245    40
   200   245    45
   200   245    50
   200   250   -50
   200   250   -45
   200   250   -40
   200   250   -35
   200   250   -30
   200   250   -25
   200   250   -20
   200   250   -15
   200   250   -10
   200   250    -5
   200   250     0
   200   250     5
   200   250    10
   200   250    15
   200   250    20
   200   250    25
   200   250    30
   200   250    35
   200   250    40
   200   250    45
   200   250    50
   200   255   -50
   200   255   -45
   200   255   -40
   200   255   -35
   200   255   -30
   200   255   -25
   200   255   -20
   200   255   -15
   200   255   -10
   200   255    -5
   200   255     0
   200   255     5
   200   255    10
   200   255    15
   200   255    20
   200   255    25
   200   255    30
   200   255    35
   200   255    40
   200   255    45
   200   255    50
   200   260   -50
   200   260   -45
   200   260   -40
   200   260   -35
   200   260   -30
   200   260   -25
   200   260   -20
   200   260   -15
   200   260   -10
   200   260    -5
   200   260     0
   200   260     5
   200   260    10
   200   260    15
   200   260    20
   200   260    25
   200   260    30
   200   260    35
   200   260    40
   200   260    45
   200   260    50
   200   265   -50
   200   265   -45
   200   265   -40
   200   265   -35
   200   265   -30
   200   265   -25
   200   265   -20
   200   265   -15
   200   265   -10
   200   265    -5
   200   265     0
   200   265     5
   200   265    10
   200   265    15
   200   265    20
   200   265    25
   200   265    30
   200   265    35
   200   265    40
   200   265    45
   200   265    50
   200   270   -50
   200   270   -45
   200   270   -40
   200   270   -35
   200   270   -30
   200   270   -25
   200   270   -20
   200   270   -15
   200   270   -10
   200   270    -5
   200   270     0
   200   270     5
   200   270    10
   200   270    15
   200   270    20
   200   270    25
   200   270    30
   200   270    35
   200   270    40
   200   270    45
   200   270    50
   200   275   -50
   200   275   -45
   200   275   -40
   200   275   -35
   200   275   -30
   200   275   -25
   200   275   -20
   200   275   -15
   200   275   -10
   200   275    -5
   200   275     0
   200   275     5
   200   275    10
   200   275    15
   200   275    20
   200   275    25
   200   275    30
   200   275    35
   200   275    40
   200   275    45
   200   275    50
   200   280   -50
   200   280   -45
   200   280   -40
   200   280   -35
   200   280   -30
   200   280   -25
   200   280   -20
   200   280   -15
   200   280   -10
   200   280    -5
   200   280     0
   200   280     5
   200   280    10
   200   280    15
   200   280    20
   200   280    25
   200   280    30
   200   280    35
   200   280    40
   200   280    45
   200   280    50
   200   285   -50
   200   285   -45
   200   285   -40
   200   285   -35
   200   285   -30
   200   285   -25
   200   285   -20
   200   285   -15
   200   285   -10
   200   285    -5
   200   285     0
   200   285     5
   200   285    10
   200   285    15
   200   285    20
   200   285    25
   200   285    30
   200   285    35
   200   285    40
   200   285    45
   200   285    50
   200   290   -50
   200   290   -45
   200   290   -40
   200   290   -35
   200   290   -30
   200   290   -25
   200   290   -20
   200   290   -15
   200   290   -10
   200   290    -5
   200   290     0
   200   290     5
   200   290    10
   200   290    15
   200   290    20
   200   290    25
   200   290    30
   200   290    35
   200   290    40
   200   290    45
   200   290    50
   200   295   -50
   200   295   -45
   200   295   -40
   200   295   -35
   200   295   -30
   200   295   -25
   200   295   -20
   200   295   -15
   200   295   -10
   200   295    -5
   200   295     0
   200   295     5
   200   295    10
   200   295    15
   200   295    20
   200   295    25
   200   295    30
   200   295    35
   200   295    40
   200   295    45
   200   295    50
   200   300   -50
   200   300   -45
   200   300   -40
   200   300   -35
   200   300   -30
   200   300   -25
   200   300   -20
   200   300   -15
   200   300   -10
   200   300    -5
   200   300     0
   200   300     5
   200   300    10
   200   300    15
   200   300    20
   200   300    25
   200   300    30
   200   300    35
   200   300    40
   200   300    45
   200   300    50