   150   150   -50
   150   150   -45
   150   150   -40
   150   150   -35
   150   150   -30
   150   150   -25
   150   150   -20
   150   150   -15
   150   150   -10
   150   150    -5
   150   150     0
   150   150     5
   150   150    10
   150   150    15
   150   150    20
   150   150    25
   150   150    30
   150   150    35
   150   150    40
   150   150    45
   150   150    50
   155   150   -50
   155   150   -45
   155   150   -40
   155   150   -35
   155   150   -30
   155   150   -25
   155   150   -20
   155   150   -15
   155   150   -10
   155   150    -5
   155   150     0
   155   150     5
   155   150    10
   155   150    15
   155   150    20
   155   150    25
   155   150    30
   155   150    35
   155   150    40
   155   150    45
   155   150    50
   160   150   -50
   160   150   -45
   160   150   -40
   160   150   -35
   160   150   -30
   160   150   -25
   160   150   -20
   160   150   -15
   160   150   -10
   160   150    -5
   160   150     0
   160   150     5
   160   150    10
   160   150    15
   160   150    20
   160   150    25
   160   150    30
   160   150    35
   160   150    40
   160   150    45
   160   150    50
   165   150   -50
   165   150   -45
   165   150   -40
   165   150   -35
   165   150   -30
   165   150   -25
   165   150   -20
   165   150   -15
   165   150   -10
   165   150    -5
   165   150     0
   165   150     5
   165   150    10
   165   150    15
   165   150    20
   165   150    25
   165   150    30
   165   150    35
   165   150    40
   165   150    45
   165   150    50
   170   150   -50
   170   150   -45
   170   150   -40
   170   150   -35
   170   150   -30
   170   150   -25
   170   150   -20
   170   150   -15
   170   150   -10
   170   150    -5
   170   150     0
   170   150     5
   170   150    10
   170   150    15
   170   150    20
   170   150    25
   170   150    30
   170   150    35
   170   150    40
   170   150    45
   170   150    50
   175   150   -50
   175   150   -45
   175   150   -40
   175   150   -35
   175   150   -30
   175   150   -25
   175   150   -20
   175   150   -15
   175   150   -10
   175   150    -5
   175   150     0
   175   150     5
   175   150    10
   175   150    15
   175   150    20
   175   150    25
   175   150    30
   175   150    35
   175   150    40
   175   150    45
   175   150    50
   180   150   -50
   180   150   -45
   180   150   -40
   180   150   -35
   180   150   -30
   180   150   -25
   180   150   -20
   180   150   -15
   180   150   -10
   180   150    -5
   180   150     0
   180   150     5
   180   150    10
   180   150    15
   180   150    20
   180   150    25
   180   150    30
   180   150    35
   180   150    40
   180   150    45
   180   150    50
   185   150   -50
   185   150   -45
   185   150   -40
   185   150   -35
   185   150   -30
   185   150   -25
   185   150   -20
   185   150   -15
   185   150   -10
   185   150    -5
   185   150     0
   185   150     5
   185   150    10
   185   150    15
   185   150    20
   185   150    25
   185   150    30
   185   150    35
   185   150    40
   185   150    45
   185   150    50
   190   150   -50
   190   150   -45
   190   150   -40
   190   150   -35
   190   150   -30
   190   150   -25
   190   150   -20
   190   150   -15
   190   150   -10
   190   150    -5
   190   150     0
   190   150     5
   190   150    10
   190   150    15
   190   150    20
   190   150    25
   190   150    30
   190   150    35
   190   150    40
   190   150    45
   190   150    50
   195   150   -50
   195   150   -45
   195   150   -40
   195   150   -35
   195   150   -30
   195   150   -25
   195   150   -20
   195   150   -15
   195   150   -10
   195   150    -5
   195   150     0
   195   150     5
   195   150    10
   195   150    15
   195   150    20
   195   150    25
   195   150    30
   195   150    35
   195   150    40
   195   150    45
   195   150    50
   200   150   -50
   200   150   -45
   200   150   -40
   200   150   -35
   200   150   -30
   200   150   -25
   200   150   -20
   200   150   -15
   200   150   -10
   200   150    -5
   200   150     0
   200   150     5
   200   150    10
   200   150    15
   200   150    20
   200   150    25
   200   150    30
   200   150    35
   200   150    40
   200   150    45
   200   150    50
   205   150   -50
   205   150   -45
   205   150   -40
   205   150   -35
   205   150   -30
   205   150   -25
   205   150   -20
   205   150   -15
   205   150   -10
   205   150    -5
   205   150     0
   205   150     5
   205   150    10
   205   150    15
   205   150    20
   205   150    25
   205   150    30
   205   150    35
   205   150    40
   205   150    45
   205   150    50
   210   150   -50
   210   150   -45
   210   150   -40
   210   150   -35
   210   150   -30
   210   150   -25
   210   150   -20
   210   150   -15
   210   150   -10
   210   150    -5
   210   150     0
   210   150     5
   210   150    10
   210   150    15
   210   150    20
   210   150    25
   210   150    30
   210   150    35
   210   150    40
   210   150    45
   210   150    50
   215   150   -50
   215   150   -45
   215   150   -40
   215   150   -35
   215   150   -30
   215   150   -25
   215   150   -20
   215   150   -15
   215   150   -10
   215   150    -5
   215   150     0
   215   150     5
   215   150    10
   215   150    15
   215   150    20
   215   150    25
   215   150    30
   215   150    35
   215   150    40
   215   150    45
   215   150    50
   220   150   -50
   220   150   -45
   220   150   -40
   220   150   -35
   220   150   -30
   220   150   -25
   220   150   -20
   220   150   -15
   220   150   -10
   220   150    -5
   220   150     0
   220   150     5
   220   150    10
   220   150    15
   220   150    20
   220   150    25
   220   150    30
   220   150    35
   220   150    40
   220   150    45
   220   150    50
   225   150   -50
   225   150   -45
   225   150   -40
   225   150   -35
   225   150   -30
   225   150   -25
   225   150   -20
   225   150   -15
   225   150   -10
   225   150    -5
   225   150     0
   225   150     5
   225   150    10
   225   150    15
   225   150    20
   225   150    25
   225   150    30
   225   150    35
   225   150    40
   225   150    45
   225   150    50
   230   150   -50
   230   150   -45
   230   150   -40
   230   150   -35
   230   150   -30
   230   150   -25
   230   150   -20
   230   150   -15
   230   150   -10
   230   150    -5
   230   150     0
   230   150     5
   230   150    10
   230   150    15
   230   150    20
   230   150    25
   230   150    30
   230   150    35
   230   150    40
   230   150    45
   230   150    50
   235   150   -50
   235   150   -45
   235   150   -40
   235   150   -35
   235   150   -30
   235   150   -25
   235   150   -20
   235   150   -15
   235   150   -10
   235   150    -5
   235   150     0
   235   150     5
   235   150    10
   235   150    15
   235   150    20
   235   150    25
   235   150    30
   235   150    35
   235   150    40
   235   150    45
   235   150    50
   240   150   -50
   240   150   -45
   240   150   -40
   240   150   -35
   240   150   -30
   240   150   -25
   240   150   -20
   240   150   -15
   240   150   -10
   240   150    -5
   240   150     0
   240   150     5
   240   150    10
   240   150    15
   240   150    20
   240   150    25
   240   150    30
   240   150    35
   240   150    40
   240   150    45
   240   150    50
   245   150   -50
   245   150   -45
   245   150   -40
   245   150   -35
   245   150   -30
   245   150   -25
   245   150   -20
   245   150   -15
   245   150   -10
   245   150    -5
   245   150     0
   245   150     5
   245   150    10
   245   150    15
   245   150    20
   245   150    25
   245   150    30
   245   150    35
   245   150    40
   245   150    45
   245   150    50
   250   150   -50
   250   150   -45
   250   150   -40
   250   150   -35
   250   150   -30
   250   150   -25
   250   150   -20
   250   150   -15
   250   150   -10
   250   150    -5
   250   150     0
   250   150     5
   250   150    10
   250   150    15
   250   150    20
   250   150    25
   250   150    30
   250   150    35
   250   150    40
   250   150    45
   250   150    50
     0   400   -50
     0   400    50
   150   150   -50
   150   150   -45
   150   150   -40
   150   150   -35
   150   150   -30
   150   150   -25
   150   150   -20
   150   150   -15
   150   150   -10
   150   150    -5
   150   150     0
   150   150     5
   150   150    10
   150   150    15
   150   150    20
   150   150    25
   150   150    30
   150   150    35
   150   150    40
   150   150    45
   150   150    50
   150   155   -50
   150   155   -45
   150   155   -40
   150   155   -35
   150   155   -30
   150   155   -25
   150   155   -20
   150   155   -15
   150   155   -10
   150   155    -5
   150   155     0
   150   155     5
   150   155    10
   150   155    15
   150   155    20
   150   155    25
   150   155    30
   150   155    35
   150   155    40
   150   155    45
   150   155    50
   150   160   -50
   150   160   -45
   150   160   -40
   150   160   -35
   150   160   -30
   150   160   -25
   150   160   -20
   150   160   -15
   150   160   -10
   150   160    -5
   150   160     0
   150   160     5
   150   160    10
   150   160    15
   150   160    20
   150   160    25
   150   160    30
   150   160    35
   150   160    40
   150   160    45
   150   160    50
   150   165   -50
   150   165   -45
   150   165   -40
   150   165   -35
   150   165   -30
   150   165   -25
   150   165   -20
   150   165   -15
   150   165   -10
   150   165    -5
   150   165     0
   150   165     5
   150   165    10
   150   165    15
   150   165    20
   150   165    25
   150   165    30
   150   165    35
   150   165    40
   150   165    45
   150   165    50
   150   170   -50
   150   170   -45
   150   170   -40
   150   170   -35
   150   170   -30
   150   170   -25
   150   170   -20
   150   170   -15
   150   170   -10
   150   170    -5
   150   170     0
   150   170     5
   150   170    10
   150   170    15
   150   170    20
   150   170    25
   150   170    30
   150   170    35
   150   170    40
   150   170    45
   150   170    50
   150   175   -50
   150   175   -45
   150   175   -40
   150   175   -35
   150   175   -30
   150   175   -25
   150   175   -20
   150   175   -15
   150   175   -10
   150   175    -5
   150   175     0
   150   175     5
   150   175    10
   150   175    15
   150   175    20
   150   175    25
   150   175    30
   150   175    35
   150   175    40
   150   175    45
   150   175    50
   150   180   -50
   150   180   -45
   150   180   -40
   150   180   -35
   150   180   -30
   150   180   -25
   150   180   -20
   150   180   -15
   150   180   -10
   150   180    -5
   150   180     0
   150   180     5
   150   180    10
   150   180    15
   150   180    20
   150   180    25
   150   180    30
   150   180    35
   150   180    40
   150   180    45
   150   180    50
   150   185   -50
   150   185   -45
   150   185   -40
   150   185   -35
   150   185   -30
   150   185   -25
   150   185   -20
   150   185   -15
   150   185   -10
   150   185    -5
   150   185     0
   150   185     5
   150   185    10
   150   185    15
   150   185    20
   150   185    25
   150   185    30
   150   185    35
   150   185    40
   150   185    45
   150   185    50
   150   190   -50
   150   190   -45
   150   190   -40
   150   190   -35
   150   190   -30
   150   190   -25
   150   190   -20
   150   190   -15
   150   190   -10
   150   190    -5
   150   190     0
   150   190     5
   150   190    10
   150   190    15
   150   190    20
   150   190    25
   150   190    30
   150   190    35
   150   190    40
   150   190    45
   150   190    50
   150   195   -50
   150   195   -45
   150   195   -40
   150   195   -35
   150   195   -30
   150   195   -25
   150   195   -20
   150   195   -15
   150   195   -10
   150   195    -5
   150   195     0
   150   195     5
   150   195    10
   150   195    15
   150   195    20
   150   195    25
   150   195    30
   150   195    35
   150   195    40
   150   195    45
   150   195    50
   150   200   -50
   150   200   -45
   150   200   -40
   150   200   -35
   150   200   -30
   150   200   -25
   150   200   -20
   150   200   -15
   150   200   -10
   150   200    -5
   150   200     0
   150   200     5
   150   200    10
   150   200    15
   150   200    20
   150   200    25
   150   200    30
   150   200    35
   150   200    40
   150   200    45
   150   200    50
   150   205   -50
   150   205   -45
   150   205   -40
   150   205   -35
   150   205   -30
   150   205   -25
   150   205   -20
   150   205   -15
   150   205   -10
   150   205    -5
   150   205     0
   150   205     5
   150   205    10
   150   205    15
   150   205    20
   150   205    25
   150   205    30
   150   205    35
   150   205    40
   150   205    45
   150   205    50
   150   210   -50
   150   210   -45
   150   210   -40
   150   210   -35
   150   210   -30
   150   210   -25
   150   210   -20
   150   210   -15
   150   210   -10
   150   210    -5
   150   210     0
   150   210     5
   150   210    10
   150   210    15
   150   210    20
   150   210    25
   150   210    30
   150   210    35
   150   210    40
   150   210    45
   150   210    50
   150   215   -50
   150   215   -45
   150   215   -40
   150   215   -35
   150   215   -30
   150   215   -25
   150   215   -20
   150   215   -15
   150   215   -10
   150   215    -5
   150   215     0
   150   215     5
   150   215    10
   150   215    15
   150   215    20
   150   215    25
   150   215    30
   150   215    35
   150   215    40
   150   215    45
   150   215    50
   150   220   -50
   150   220   -45
   150   220   -40
   150   220   -35
   150   220   -30
   150   220   -25
   150   220   -20
   150   220   -15
   150   220   -10
   150   220    -5
   150   220     0
   150   220     5
   150   220    10
   150   220    15
   150   220    20
   150   220    25
   150   220    30
   150   220    35
   150   220    40
   150   220    45
   150   220    50
   150   225   -50
   150   225   -45
   150   225   -40
   150   225   -35
   150   225   -30
   150   225   -25
   150   225   -20
   150   225   -15
   150   225   -10
   150   225    -5
   150   225     0
   150   225     5
   150   225    10
   150   225    15
   150   225    20
   150   225    25
   150   225    30
   150   225    35
   150   225    40
   150   225    45
   150   225    50
   150   230   -50
   150   230   -45
   150   230   -40
   150   230   -35
   150   230   -30
   150   230   -25
   150   230   -20
   150   230   -15
   150   230   -10
   150   230    -5
   150   230     0
   150   230     5
   150   230    10
   150   230    15
   150   230    20
   150   230    25
   150   230    30
   150   230    35
   150   230    40
   150   230    45
   150   230    50
   150   235   -50
   150   235   -45
   150   235   -40
   150   235   -35
   150   235   -30
   150   235   -25
   150   235   -20
   150   235   -15
   150   235   -10
   150   235    -5
   150   235     0
   150   235     5
   150   235    10
   150   235    15
   150   235    20
   150   235    25
   150   235    30
   150   235    35
   150   235    40
   150   235    45
   150   235    50
   150   240   -50
   150   240   -45
   150   240   -40
   150   240   -35
   150   240   -30
   150   240   -25
   150   240   -20
   150   240   -15
   150   240   -10
   150   240    -5
   150   240     0
   150   240     5
   150   240    10
   150   240    15
   150   240    20
   150   240    25
   150   240    30
   150   240    35
   150   240    40
   150   240    45
   150   240    50
   150   245   -50
   150   245   -45
   150   245   -40
   150   245   -35
   150   245   -30
   150   245   -25
   150   245   -20
   150   245   -15
   150   245   -10
   150   245    -5
   150   245     0
   150   245     5
   150   245    10
   150   245    15
   150   245    20
   150   245    25
   150   245    30
   150   245    35
   150   245    40
   150   245    45
   150   245    50
   150   250   -50
   150   250   -45
   150   250   -40
   150   250   -35
   150   250   -30
   150   250   -25
   150   250   -20
   150   250   -15
   150   250   -10
   150   250    -5
   150   250     0
   150   250     5
   150   250    10
   150   250    15
   150   250    20
   150   250    25
   150   250    30
   150   250    35
   150   250    40
   150   250    45
   150   250    50
   400     0   -50
   400     0    50