  250  350    5
  250  350   10
  250  350   15
  250  350   20
  250  350   25
  250  350   30
  250  350   35
  250  350   40
  250  350   45
  250  350   50
  250  350   55
  250  350   60
  250  350   65
  250  350   70
  250  350   75
  250  350   80
  250  350   85
  250  350   90
  250  350   95
  250  345    5
  250  345   10
  250  345   15
  250  345   20
  250  345   25
  250  345   30
  250  345   35
  250  345   40
  250  345   45
  250  345   50
  250  345   55
  250  345   60
  250  345   65
  250  345   70
  250  345   75
  250  345   80
  250  345   85
  250  345   90
  250  345   95
  250  340    5
  250  340   10
  250  340   15
  250  340   20
  250  340   25
  250  340   30
  250  340   35
  250  340   40
  250  340   45
  250  340   50
  250  340   55
  250  340   60
  250  340   65
  250  340   70
  250  340   75
  250  340   80
  250  340   85
  250  340   90
  250  340   95
  250  335    5
  250  335   10
  250  335   15
  250  335   20
  250  335   25
  250  335   30
  250  335   35
  250  335   40
  250  335   45
  250  335   50
  250  335   55
  250  335   60
  250  335   65
  250  335   70
  250  335   75
  250  335   80
  250  335   85
  250  335   90
  250  335   95
  250  330    5
  250  330   10
  250  330   15
  250  330   20
  250  330   25
  250  330   30
  250  330   35
  250  330   40
  250  330   45
  250  330   50
  250  330   55
  250  330   60
  250  330   65
  250  330   70
  250  330   75
  250  330   80
  250  330   85
  250  330   90
  250  330   95
  250  325    5
  250  325   10
  250  325   15
  250  325   20
  250  325   25
  250  325   30
  250  325   35
  250  325   40
  250  325   45
  250  325   50
  250  325   55
  250  325   60
  250  325   65
  250  325   70
  250  325   75
  250  325   80
  250  325   85
  250  325   90
  250  325   95
  250  320    5
  250  320   10
  250  320   15
  250  320   20
  250  320   25
  250  320   30
  250  320   35
  250  320   40
  250  320   45
  250  320   50
  250  320   55
  250  320   60
  250  320   65
  250  320   70
  250  320   75
  250  320   80
  250  320   85
  250  320   90
  250  320   95
  250  315    5
  250  315   10
  250  315   15
  250  315   20
  250  315   25
  250  315   30
  250  315   35
  250  315   40
  250  315   45
  250  315   50
  250  315   55
  250  315   60
  250  315   65
  250  315   70
  250  315   75
  250  315   80
  250  315   85
  250  315   90
  250  315   95
  250  310    5
  250  310   10
  250  310   15
  250  310   20
  250  310   25
  250  310   30
  250  310   35
  250  310   40
  250  310   45
  250  310   50
  250  310   55
  250  310   60
  250  310   65
  250  310   70
  250  310   75
  250  310   80
  250  310   85
  250  310   90
  250  310   95
  250  305    5
  250  305   10
  250  305   15
  250  305   20
  250  305   25
  250  305   30
  250  305   35
  250  305   40
  250  305   45
  250  305   50
  250  305   55
  250  305   60
  250  305   65
  250  305   70
  250  305   75
  250  305   80
  250  305   85
  250  305   90
  250  305   95
  250  300    5
  250  300   10
  250  300   15
  250  300   20
  250  300   25
  250  300   30
  250  300   35
  250  300   40
  250  300   45
  250  300   50
  250  300   55
  250  300   60
  250  300   65
  250  300   70
  250  300   75
  250  300   80
  250  300   85
  250  300   90
  250  300   95
  250  295    5
  250  295   10
  250  295   15
  250  295   20
  250  295   25
  250  295   30
  250  295   35
  250  295   40
  250  295   45
  250  295   50
  250  295   55
  250  295   60
  250  295   65
  250  295   70
  250  295   75
  250  295   80
  250  295   85
  250  295   90
  250  295   95
  250  290    5
  250  290   10
  250  290   15
  250  290   20
  250  290   25
  250  290   30
  250  290   35
  250  290   40
  250  290   45
  250  290   50
  250  290   55
  250  290   60
  250  290   65
  250  290   70
  250  290   75
  250  290   80
  250  290   85
  250  290   90
  250  290   95
  250  285    5
  250  285   10
  250  285   15
  250  285   20
  250  285   25
  250  285   30
  250  285   35
  250  285   40
  250  285   45
  250  285   50
  250  285   55
  250  285   60
  250  285   65
  250  285   70
  250  285   75
  250  285   80
  250  285   85
  250  285   90
  250  285   95
  250  280    5
  250  280   10
  250  280   15
  250  280   20
  250  280   25
  250  280   30
  250  280   35
  250  280   40
  250  280   45
  250  280   50
  250  280   55
  250  280   60
  250  280   65
  250  280   70
  250  280   75
  250  280   80
  250  280   85
  250  280   90
  250  280   95
  250  275    5
  250  275   10
  250  275   15
  250  275   20
  250  275   25
  250  275   30
  250  275   35
  250  275   40
  250  275   45
  250  275   50
  250  275   55
  250  275   60
  250  275   65
  250  275   70
  250  275   75
  250  275   80
  250  275   85
  250  275   90
  250  275   95
  250  270    5
  250  270   10
  250  270   15
  250  270   20
  250  270   25
  250  270   30
  250  270   35
  250  270   40
  250  270   45
  250  270   50
  250  270   55
  250  270   60
  250  270   65
  250  270   70
  250  270   75
  250  270   80
  250  270   85
  250  270   90
  250  270   95
  250  265    5
  250  265   10
  250  265   15
  250  265   20
  250  265   25
  250  265   30
  250  265   35
  250  265   40
  250  265   45
  250  265   50
  250  265   55
  250  265   60
  250  265   65
  250  265   70
  250  265   75
  250  265   80
  250  265   85
  250  265   90
  250  265   95
  250  260    5
  250  260   10
  250  260   15
  250  260   20
  250  260   25
  250  260   30
  250  260   35
  250  260   40
  250  260   45
  250  260   50
  250  260   55
  250  260   60
  250  260   65
  250  260   70
  250  260   75
  250  260   80
  250  260   85
  250  260   90
  250  260   95
  250  255    5
  250  255   10
  250  255   15
  250  255   20
  250  255   25
  250  255   30
  250  255   35
  250  255   40
  250  255   45
  250  255   50
  250  255   55
  250  255   60
  250  255   65
  250  255   70
  250  255   75
  250  255   80
  250  255   85
  250  255   90
  250  255   95
  250  250    5
  250  250   10
  250  250   15
  250  250   20
  250  250   25
  250  250   30
  250  250   35
  250  250   40
  250  250   45
  250  250   50
  250  250   55
  250  250   60
  250  250   65
  250  250   70
  250  250   75
  250  250   80
  250  250   85
  250  250   90
  250  250   95
  250  350    5
  250  350   10
  250  350   15
  250  350   20
  250  350   25
  250  350   30
  250  350   35
  250  350   40
  250  350   45
  250  350   50
  250  350   55
  250  350   60
  250  350   65
  250  350   70
  250  350   75
  250  350   80
  250  350   85
  250  350   90
  250  350   95
  255  350    5
  255  350   10
  255  350   15
  255  350   20
  255  350   25
  255  350   30
  255  350   35
  255  350   40
  255  350   45
  255  350   50
  255  350   55
  255  350   60
  255  350   65
  255  350   70
  255  350   75
  255  350   80
  255  350   85
  255  350   90
  255  350   95
  260  350    5
  260  350   10
  260  350   15
  260  350   20
  260  350   25
  260  350   30
  260  350   35
  260  350   40
  260  350   45
  260  350   50
  260  350   55
  260  350   60
  260  350   65
  260  350   70
  260  350   75
  260  350   80
  260  350   85
  260  350   90
  260  350   95
  265  350    5
  265  350   10
  265  350   15
  265  350   20
  265  350   25
  265  350   30
  265  350   35
  265  350   40
  265  350   45
  265  350   50
  265  350   55
  265  350   60
  265  350   65
  265  350   70
  265  350   75
  265  350   80
  265  350   85
  265  350   90
  265  350   95
  270  350    5
  270  350   10
  270  350   15
  270  350   20
  270  350   25
  270  350   30
  270  350   35
  270  350   40
  270  350   45
  270  350   50
  270  350   55
  270  350   60
  270  350   65
  270  350   70
  270  350   75
  270  350   80
  270  350   85
  270  350   90
  270  350   95
  275  350    5
  275  350   10
  275  350   15
  275  350   20
  275  350   25
  275  350   30
  275  350   35
  275  350   40
  275  350   45
  275  350   50
  275  350   55
  275  350   60
  275  350   65
  275  350   70
  275  350   75
  275  350   80
  275  350   85
  275  350   90
  275  350   95
  280  350    5
  280  350   10
  280  350   15
  280  350   20
  280  350   25
  280  350   30
  280  350   35
  280  350   40
  280  350   45
  280  350   50
  280  350   55
  280  350   60
  280  350   65
  280  350   70
  280  350   75
  280  350   80
  280  350   85
  280  350   90
  280  350   95
  285  350    5
  285  350   10
  285  350   15
  285  350   20
  285  350   25
  285  350   30
  285  350   35
  285  350   40
  285  350   45
  285  350   50
  285  350   55
  285  350   60
  285  350   65
  285  350   70
  285  350   75
  285  350   80
  285  350   85
  285  350   90
  285  350   95
  290  350    5
  290  350   10
  290  350   15
  290  350   20
  290  350   25
  290  350   30
  290  350   35
  290  350   40
  290  350   45
  290  350   50
  290  350   55
  290  350   60
  290  350   65
  290  350   70
  290  350   75
  290  350   80
  290  350   85
  290  350   90
  290  350   95
  295  350    5
  295  350   10
  295  350   15
  295  350   20
  295  350   25
  295  350   30
  295  350   35
  295  350   40
  295  350   45
  295  350   50
  295  350   55
  295  350   60
  295  350   65
  295  350   70
  295  350   75
  295  350   80
  295  350   85
  295  350   90
  295  350   95
  300  350    5
  300  350   10
  300  350   15
  300  350   20
  300  350   25
  300  350   30
  300  350   35
  300  350   40
  300  350   45
  300  350   50
  300  350   55
  300  350   60
  300  350   65
  300  350   70
  300  350   75
  300  350   80
  300  350   85
  300  350   90
  300  350   95
  305  350    5
  305  350   10
  305  350   15
  305  350   20
  305  350   25
  305  350   30
  305  350   35
  305  350   40
  305  350   45
  305  350   50
  305  350   55
  305  350   60
  305  350   65
  305  350   70
  305  350   75
  305  350   80
  305  350   85
  305  350   90
  305  350   95
  310  350    5
  310  350   10
  310  350   15
  310  350   20
  310  350   25
  310  350   30
  310  350   35
  310  350   40
  310  350   45
  310  350   50
  310  350   55
  310  350   60
  310  350   65
  310  350   70
  310  350   75
  310  350   80
  310  350   85
  310  350   90
  310  350   95
  315  350    5
  315  350   10
  315  350   15
  315  350   20
  315  350   25
  315  350   30
  315  350   35
  315  350   40
  315  350   45
  315  350   50
  315  350   55
  315  350   60
  315  350   65
  315  350   70
  315  350   75
  315  350   80
  315  350   85
  315  350   90
  315  350   95
  320  350    5
  320  350   10
  320  350   15
  320  350   20
  320  350   25
  320  350   30
  320  350   35
  320  350   40
  320  350   45
  320  350   50
  320  350   55
  320  350   60
  320  350   65
  320  350   70
  320  350   75
  320  350   80
  320  350   85
  320  350   90
  320  350   95
  325  350    5
  325  350   10
  325  350   15
  325  350   20
  325  350   25
  325  350   30
  325  350   35
  325  350   40
  325  350   45
  325  350   50
  325  350   55
  325  350   60
  325  350   65
  325  350   70
  325  350   75
  325  350   80
  325  350   85
  325  350   90
  325  350   95
  330  350    5
  330  350   10
  330  350   15
  330  350   20
  330  350   25
  330  350   30
  330  350   35
  330  350   40
  330  350   45
  330  350   50
  330  350   55
  330  350   60
  330  350   65
  330  350   70
  330  350   75
  330  350   80
  330  350   85
  330  350   90
  330  350   95
  335  350    5
  335  350   10
  335  350   15
  335  350   20
  335  350   25
  335  350   30
  335  350   35
  335  350   40
  335  350   45
  335  350   50
  335  350   55
  335  350   60
  335  350   65
  335  350   70
  335  350   75
  335  350   80
  335  350   85
  335  350   90
  335  350   95
  340  350    5
  340  350   10
  340  350   15
  340  350   20
  340  350   25
  340  350   30
  340  350   35
  340  350   40
  340  350   45
  340  350   50
  340  350   55
  340  350   60
  340  350   65
  340  350   70
  340  350   75
  340  350   80
  340  350   85
  340  350   90
  340  350   95
  345  350    5
  345  350   10
  345  350   15
  345  350   20
  345  350   25
  345  350   30
  345  350   35
  345  350   40
  345  350   45
  345  350   50
  345  350   55
  345  350   60
  345  350   65
  345  350   70
  345  350   75
  345  350   80
  345  350   85
  345  350   90
  345  350   95
  350  350    5
  350  350   10
  350  350   15
  350  350   20
  350  350   25
  350  350   30
  350  350   35
  350  350   40
  350  350   45
  350  350   50
  350  350   55
  350  350   60
  350  350   65
  350  350   70
  350  350   75
  350  350   80
  350  350   85
  350  350   90
  350  350   95
  350  355    5
  350  355   10
  350  355   15
  350  355   20
  350  355   25
  350  355   30
  350  355   35
  350  355   40
  350  355   45
  350  355   50
  350  355   55
  350  355   60
  350  355   65
  350  355   70
  350  355   75
  350  355   80
  350  355   85
  350  355   90
  350  355   95
  350  360    5
  350  360   10
  350  360   15
  350  360   20
  350  360   25
  350  360   30
  350  360   35
  350  360   40
  350  360   45
  350  360   50
  350  360   55
  350  360   60
  350  360   65
  350  360   70
  350  360   75
  350  360   80
  350  360   85
  350  360   90
  350  360   95
  350  365    5
  350  365   10
  350  365   15
  350  365   20
  350  365   25
  350  365   30
  350  365   35
  350  365   40
  350  365   45
  350  365   50
  350  365   55
  350  365   60
  350  365   65
  350  365   70
  350  365   75
  350  365   80
  350  365   85
  350  365   90
  350  365   95
  350  370    5
  350  370   10
  350  370   15
  350  370   20
  350  370   25
  350  370   30
  350  370   35
  350  370   40
  350  370   45
  350  370   50
  350  370   55
  350  370   60
  350  370   65
  350  370   70
  350  370   75
  350  370   80
  350  370   85
  350  370   90
  350  370   95
  350  375    5
  350  375   10
  350  375   15
  350  375   20
  350  375   25
  350  375   30
  350  375   35
  350  375   40
  350  375   45
  350  375   50
  350  375   55
  350  375   60
  350  375   65
  350  375   70
  350  375   75
  350  375   80
  350  375   85
  350  375   90
  350  375   95
  350  380    5
  350  380   10
  350  380   15
  350  380   20
  350  380   25
  350  380   30
  350  380   35
  350  380   40
  350  380   45
  350  380   50
  350  380   55
  350  380   60
  350  380   65
  350  380   70
  350  380   75
  350  380   80
  350  380   85
  350  380   90
  350  380   95
  350  385    5
  350  385   10
  350  385   15
  350  385   20
  350  385   25
  350  385   30
  350  385   35
  350  385   40
  350  385   45
  350  385   50
  350  385   55
  350  385   60
  350  385   65
  350  385   70
  350  385   75
  350  385   80
  350  385   85
  350  385   90
  350  385   95
  350  390    5
  350  390   10
  350  390   15
  350  390   20
  350  390   25
  350  390   30
  350  390   35
  350  390   40
  350  390   45
  350  390   50
  350  390   55
  350  390   60
  350  390   65
  350  390   70
  350  390   75
  350  390   80
  350  390   85
  350  390   90
  350  390   95
  350  395    5
  350  395   10
  350  395   15
  350  395   20
  350  395   25
  350  395   30
  350  395   35
  350  395   40
  350  395   45
  350  395   50
  350  395   55
  350  395   60
  350  395   65
  350  395   70
  350  395   75
  350  395   80
  350  395   85
  350  395   90
  350  395   95
  350  400    5
  350  400   10
  350  400   15
  350  400   20
  350  400   25
  350  400   30
  350  400   35
  350  400   40
  350  400   45
  350  400   50
  350  400   55
  350  400   60
  350  400   65
  350  400   70
  350  400   75
  350  400   80
  350  400   85
  350  400   90
  350  400   95
  350  405    5
  350  405   10
  350  405   15
  350  405   20
  350  405   25
  350  405   30
  350  405   35
  350  405   40
  350  405   45
  350  405   50
  350  405   55
  350  405   60
  350  405   65
  350  405   70
  350  405   75
  350  405   80
  350  405   85
  350  405   90
  350  405   95
  350  410    5
  350  410   10
  350  410   15
  350  410   20
  350  410   25
  350  410   30
  350  410   35
  350  410   40
  350  410   45
  350  410   50
  350  410   55
  350  410   60
  350  410   65
  350  410   70
  350  410   75
  350  410   80
  350  410   85
  350  410   90
  350  410   95
  350  415    5
  350  415   10
  350  415   15
  350  415   20
  350  415   25
  350  415   30
  350  415   35
  350  415   40
  350  415   45
  350  415   50
  350  415   55
  350  415   60
  350  415   65
  350  415   70
  350  415   75
  350  415   80
  350  415   85
  350  415   90
  350  415   95
  350  420    5
  350  420   10
  350  420   15
  350  420   20
  350  420   25
  350  420   30
  350  420   35
  350  420   40
  350  420   45
  350  420   50
  350  420   55
  350  420   60
  350  420   65
  350  420   70
  350  420   75
  350  420   80
  350  420   85
  350  420   90
  350  420   95
  350  425    5
  350  425   10
  350  425   15
  350  425   20
  350  425   25
  350  425   30
  350  425   35
  350  425   40
  350  425   45
  350  425   50
  350  425   55
  350  425   60
  350  425   65
  350  425   70
  350  425   75
  350  425   80
  350  425   85
  350  425   90
  350  425   95
  350  430    5
  350  430   10
  350  430   15
  350  430   20
  350  430   25
  350  430   30
  350  430   35
  350  430   40
  350  430   45
  350  430   50
  350  430   55
  350  430   60
  350  430   65
  350  430   70
  350  430   75
  350  430   80
  350  430   85
  350  430   90
  350  430   95
  350  435    5
  350  435   10
  350  435   15
  350  435   20
  350  435   25
  350  435   30
  350  435   35
  350  435   40
  350  435   45
  350  435   50
  350  435   55
  350  435   60
  350  435   65
  350  435   70
  350  435   75
  350  435   80
  350  435   85
  350  435   90
  350  435   95
  350  440    5
  350  440   10
  350  440   15
  350  440   20
  350  440   25
  350  440   30
  350  440   35
  350  440   40
  350  440   45
  350  440   50
  350  440   55
  350  440   60
  350  440   65
  350  440   70
  350  440   75
  350  440   80
  350  440   85
  350  440   90
  350  440   95
  350  445    5
  350  445   10
  350  445   15
  350  445   20
  350  445   25
  350  445   30
  350  445   35
  350  445   40
  350  445   45
  350  445   50
  350  445   55
  350  445   60
  350  445   65
  350  445   70
  350  445   75
  350  445   80
  350  445   85
  350  445   90
  350  445   95
  350  450    5
  350  450   10
  350  450   15
  350  450   20
  350  450   25
  350  450   30
  350  450   35
  350  450   40
  350  450   45
  350  450   50
  350  450   55
  350  450   60
  350  450   65
  350  450   70
  350  450   75
  350  450   80
  350  450   85
  350  450   90
  350  450   95
